- * * * * * * * * * * * * * * * * * * * * * * * =
* 0 0 0 0 0 0 0 0 0 0 0 0 0 0 0 0 0 0 0 0 0 0 0 *
* 0 0 0 0 # # # # # # # # # # # # # 0 0 0 0 0 0 *
* L 0 L 0 0 0 0 0 0 0 0 0 0 0 0 0 0 0 0 L 0 L 0 *
* 0 0 0 0 # # # # # # # # # # # # # 0 0 0 0 0 0 *
* 0 0 0 0 0 0 0 0 0 0 0 0 0 0 0 0 0 0 0 0 0 0 0 *
* l 0 # + 0 0 [ # # # 0 0 # # + 0 0 [ # 0 0 l 0 *
* 0 0 0 0 2 0 1 0 0 0 0 0 0 0 0 2 0 1 0 0 0 0 0 *
* 0 0 1 0 2 0 1 0 0 0 0 0 0 0 0 2 0 1 0 1 0 0 0 *
* 0 0 0 0 0 0 Q # # # # # # Q Q 0 0 0 0 0 0 0 0 *
* 0 0 0 0 0 0 0 0 0 0 0 0 0 0 0 0 0 0 0 0 0 0 0 *
* 0 0 0 # 0 0 0 0 0 0 0 0 0 0 0 0 0 # 0 0 0 0 0 *
* 0 0 0 0 0 0 0 0 0 0 0 0 0 0 0 0 0 0 0 0 0 0 0 *
* 0 0 0 0 0 0 0 0 0 0 0 0 0 0 0 0 0 0 0 0 0 0 0 *
* 0 0 0 0 0 0 0 0 0 0 0 0 0 0 0 0 0 0 0 0 0 0 0 *
* 0 0 0 0 0 0 0 0 0 0 0 0 0 0 0 0 0 0 0 0 0 0 0 *
* 0 0 0 0 0 0 0 0 0 0 0 0 0 0 0 0 0 0 0 0 0 0 0 *
* 0 0 0 0 0 0 0 0 0 0 0 0 0 0 0 0 0 0 0 0 0 0 0 *
* 0 0 0 0 0 0 0 0 0 0 0 0 0 0 0 0 0 0 0 0 0 0 0 *
* 0 0 0 0 0 0 0 0 0 0 0 0 0 0 0 0 0 0 0 0 0 0 0 *
* 0 0 0 0 0 0 0 0 0 0 0 0 0 0 0 0 0 0 0 0 0 0 0 *
w * * * * * * * * * * * * * * * * * * * * * * * q